<?xml version="1.0"?>
<opencv_storage>
<img_shape type_id="opencv-matrix">
  <rows>2</rows>
  <cols>1</cols>
  <dt>d</dt>
  <data>
    800. 1280.</data></img_shape>
<rms>2.9899078172286431e+00</rms>
<cam_int type_id="opencv-matrix">
  <rows>3</rows>
  <cols>3</cols>
  <dt>d</dt>
  <data>
    1.3248618040254391e+03 0. 6.0539820481622962e+02 0.
    1.3343424529878750e+03 3.8693158877098489e+02 0. 0. 1.</data></cam_int>
<cam_dist type_id="opencv-matrix">
  <rows>1</rows>
  <cols>5</cols>
  <dt>d</dt>
  <data>
    4.5987429963186381e-02 -1.5897521775923604e+00
    3.8913727842945149e-03 7.6125828753260752e-03 1.6659368705794073e+01</data></cam_dist>
<proj_int type_id="opencv-matrix">
  <rows>3</rows>
  <cols>3</cols>
  <dt>d</dt>
  <data>
    1.5139079072212319e+03 0. 5.8943682467095391e+02 0.
    1.5239137543066806e+03 4.1664629485352521e+02 0. 0. 1.</data></proj_int>
<proj_dist type_id="opencv-matrix">
  <rows>1</rows>
  <cols>5</cols>
  <dt>d</dt>
  <data>
    -2.3159255708653390e-01 -7.1327391906821902e+01
    -5.1335034396491541e-03 6.5122375884285322e-02
    1.5725456572406276e+03</data></proj_dist>
<rotation type_id="opencv-matrix">
  <rows>3</rows>
  <cols>3</cols>
  <dt>d</dt>
  <data>
    8.6151361292203810e-01 -1.3023225740065744e-01
    -4.9074825917403486e-01 1.4702585958492356e-01
    9.8912293786524175e-01 -4.3829672765525532e-03
    4.8598116358901311e-01 -6.8376698671125447e-02
    8.7129038541436177e-01</data></rotation>
<translation type_id="opencv-matrix">
  <rows>3</rows>
  <cols>1</cols>
  <dt>d</dt>
  <data>
    3.3429023388123528e+02 -5.4566901910677412e+00
    6.7227354046108428e+02</data></translation>
</opencv_storage>
