<?xml version="1.0"?>
<opencv_storage>
<img_shape type_id="opencv-matrix">
  <rows>2</rows>
  <cols>1</cols>
  <dt>d</dt>
  <data>
    1024. 1280.</data></img_shape>
<rms>3.9571687877450118e-01</rms>
<cam_int type_id="opencv-matrix">
  <rows>3</rows>
  <cols>3</cols>
  <dt>d</dt>
  <data>
    3.4523929062212092e+03 0. 5.8717315509936259e+02 0.
    3.4499242923298175e+03 5.2144602264914204e+02 0. 0. 1.</data></cam_int>
<cam_dist type_id="opencv-matrix">
  <rows>1</rows>
  <cols>5</cols>
  <dt>d</dt>
  <data>
    -2.2226534630899764e-01 -8.6613053045229782e-01
    -7.2783921775242079e-04 -1.6883924511373152e-03
    3.1253924668024498e+00</data></cam_dist>
<proj_int type_id="opencv-matrix">
  <rows>3</rows>
  <cols>3</cols>
  <dt>d</dt>
  <data>
    1.9401386655274171e+03 0. 4.5180315686835007e+02 0.
    1.9283708028280221e+03 7.3218878405824807e+02 0. 0. 1.</data></proj_int>
<proj_dist type_id="opencv-matrix">
  <rows>1</rows>
  <cols>5</cols>
  <dt>d</dt>
  <data>
    -8.9995107514499975e-02 9.2225747226824151e-01
    -1.8598366048011392e-03 -8.8792088827464588e-03
    -5.9123167705457886e+00</data></proj_dist>
<rotation type_id="opencv-matrix">
  <rows>3</rows>
  <cols>3</cols>
  <dt>d</dt>
  <data>
    9.9900950434590441e-01 1.4661917124647560e-02
    -4.2012360238153058e-02 -1.2350652184205321e-02
    9.9842343811810097e-01 5.4754904867557908e-02 4.2748937029769070e-02
    -5.4181790323507201e-02 9.9761558828045804e-01</data></rotation>
<translation type_id="opencv-matrix">
  <rows>3</rows>
  <cols>1</cols>
  <dt>d</dt>
  <data>
    8.9796681290060306e+01 -6.3715003854326608e+02
    -1.5398675927930685e+02</data></translation>
</opencv_storage>
